doppelblock(5,[4,2,2,4,2],[1,2,3,0,6],_).
doppelblock(5,[6,3,1,0,0],[6,3,0,1,2],_).
doppelblock(5,[3,0,1,6,0],[5,2,6,0,3],_).
doppelblock(5,[3,0,0,0,1],[3,0,1,0,4],_).
doppelblock(5,[2,0,1,3,0],[1,6,0,0,3],_).

doppelblock(6,[3,7,0,0,10,0],[3,3,0,1,10,0],_).
doppelblock(6,[0,10,0,4,1,0],[0,4,7,0,1,4],_).
doppelblock(6,[10,6,3,0,6,1],[8,0,4,0,7,0],_).
doppelblock(6,[10,3,1,9,0,3],[10,2,6,5,3,4],_).
doppelblock(6,[0,8,0,7,0,4],[6,8,5,6,0,3],_).

doppelblock(7,[12,14,9,5,9,0,0],[5,14,5,1,0,0,0],_).
doppelblock(7,[4,4,3,2,15,8,5],[10,0,4,3,7,2,7],_).
doppelblock(7,[0,4,3,9,0,5,0],[4,15,14,0,0,7,1],_).
doppelblock(7,[7,6,10,3,9,2,4],[4,7,0,12,12,0,10],_).
doppelblock(7,[10,8,0,11,7,0,3],[10,3,0,4,15,1,2],_).
